30944 50 73 UP
33069 29 39 UP
35438 78 91 UP
35905 29 95 UP
36012 39 95 UP
37027 78 80 UP
37733 2 97 UP
37789 29 83 UP
38074 50 73 DOWN
38552 50 73 UP
39084 14 81 UP
39084 14 83 UP
39283 32 78 UP
39283 32 91 UP
39283 32 80 UP
39751 14 29 UP
39849 39 95 DOWN
40048 29 83 DOWN
40400 29 96 UP
40561 95 96 UP
40619 81 96 UP
40619 81 83 UP
40721 29 57 UP
41033 14 29 DOWN
41033 14 96 UP
41093 50 73 DOWN
41134 39 95 UP
41134 39 57 UP
41221 2 63 UP
41376 57 95 UP
41427 29 83 UP
41740 29 83 DOWN
41870 95 96 DOWN
42324 14 96 DOWN
42826 2 82 UP
42926 82 97 UP
42956 57 95 DOWN
42996 29 95 DOWN
42996 29 39 DOWN
42996 29 96 DOWN
43100 39 95 DOWN
43100 39 57 DOWN
43139 2 63 DOWN
43298 7 74 UP
43331 57 74 UP
43557 82 94 UP
43603 81 96 DOWN
43746 39 96 UP
43779 2 94 UP
44241 7 74 DOWN
44398 39 96 DOWN
44576 14 81 DOWN
44593 78 80 DOWN
44628 32 78 DOWN
44906 78 91 DOWN
44922 94 97 UP
45008 57 74 DOWN
45218 14 96 UP
45289 29 74 UP
45434 82 94 DOWN
45571 32 91 DOWN
45571 32 80 DOWN
45881 14 81 UP
46410 57 74 UP
46507 14 81 DOWN
46722 82 94 UP
46751 29 74 DOWN
46789 39 75 UP
46820 14 96 DOWN
46954 81 96 UP
47254 72 92 UP
47707 57 74 DOWN
47721 81 95 UP
47817 39 81 UP
47817 39 95 UP
47938 95 96 UP
48075 14 81 UP
48171 57 95 UP
48171 57 96 UP
48196 29 57 DOWN
48220 39 75 DOWN
48220 39 57 UP
48220 39 96 UP
48546 2 94 DOWN
48546 2 97 DOWN
48546 2 82 DOWN
48731 14 95 UP
48930 2 94 UP
48930 2 97 UP
48930 2 82 UP
48941 73 77 UP
49056 14 39 UP
49056 14 96 UP
49138 7 74 UP
49138 7 51 UP
49201 57 81 UP
49410 14 39 DOWN
49519 57 81 DOWN
49532 29 57 UP
49532 29 81 UP
49532 29 95 UP
49532 29 96 UP
49741 14 57 UP
49839 57 86 UP
49858 29 39 UP
50062 14 95 DOWN
50062 14 57 DOWN
50062 14 86 UP
50163 39 57 DOWN
50163 39 86 UP
50167 86 96 UP
50167 86 95 UP
50194 29 57 DOWN
50194 29 86 UP
50222 73 77 DOWN
50408 57 86 DOWN
50408 57 95 DOWN
50408 57 96 DOWN
50409 7 74 DOWN
50507 29 39 DOWN
50820 29 81 DOWN
51038 14 81 DOWN
51038 14 83 DOWN
51038 14 86 DOWN
51038 14 96 DOWN
51144 2 94 DOWN
51149 39 81 DOWN
51165 82 94 DOWN
51300 94 97 DOWN
51408 7 75 UP
51464 72 92 DOWN
51787 39 86 DOWN
51787 39 95 DOWN
51802 2 97 DOWN
51802 2 63 UP
52058 50 72 UP
52120 29 83 UP
52376 95 96 DOWN
52387 50 72 DOWN
52431 82 97 DOWN
52436 72 84 UP
52455 39 96 DOWN
52455 39 49 UP
52466 29 95 DOWN
52466 29 83 DOWN
52466 29 86 DOWN
52466 29 96 DOWN
52534 14 96 UP
52534 14 18 UP
52534 14 81 UP
52534 14 83 UP
52608 81 96 DOWN
52608 81 95 DOWN
52728 7 75 DOWN
52817 50 84 UP
52847 14 96 DOWN
53005 86 96 DOWN
53392 72 84 DOWN
53436 39 86 UP
53436 39 95 UP
53927 81 83 DOWN
54094 2 63 DOWN
54132 32 91 UP
54132 32 80 UP
54451 14 29 UP
54490 81 83 UP
54511 29 49 UP
54511 29 81 UP
54511 29 86 UP
54511 29 95 UP
54554 20 31 UP
54554 20 92 UP
54554 20 72 UP
54662 7 51 DOWN
54844 29 71 UP
54844 29 83 UP
54844 29 39 UP
54883 81 86 UP
54993 65 93 UP
55019 86 95 DOWN
55150 39 86 DOWN
55150 39 95 DOWN
55150 39 49 DOWN
55180 20 31 DOWN
55200 29 49 DOWN
55200 29 81 DOWN
55302 82 94 UP
55305 65 93 DOWN
55393 2 15 UP
55414 14 29 DOWN
55449 32 91 DOWN
55449 32 80 DOWN
55520 20 92 DOWN
55520 20 72 DOWN
55566 81 86 DOWN
55614 82 94 DOWN
55673 7 32 UP
55673 7 86 UP
55734 39 49 UP
55736 65 93 UP
55744 2 15 DOWN
56078 39 86 UP
56163 57 96 UP
56202 29 71 DOWN
56202 29 96 UP
56204 81 96 UP
56253 72 84 UP
56312 7 32 DOWN
56312 7 86 DOWN
56407 2 63 UP
56517 81 96 DOWN
56535 86 96 UP
56981 32 91 UP
56981 32 80 UP
57044 39 49 DOWN
57216 50 84 DOWN
57287 29 86 DOWN
57373 2 63 DOWN
57557 50 92 UP
57577 73 92 UP
57655 29 83 DOWN
57701 39 86 DOWN
57701 39 95 UP
57760 57 95 UP
57850 82 97 UP
57879 50 73 UP
57979 29 57 UP
58024 39 57 UP
58338 2 97 UP
58348 14 86 UP
58555 65 93 DOWN
58658 2 63 UP
58713 14 96 UP
59481 57 95 DOWN
59481 57 86 UP
59481 57 81 UP
59603 29 83 UP
59763 14 96 DOWN
59855 65 93 UP
59891 32 91 DOWN
59891 32 80 DOWN
60076 14 18 DOWN
60076 14 81 DOWN
60076 14 83 DOWN
60076 14 86 DOWN
60120 57 86 DOWN
60453 57 83 UP
60556 39 57 DOWN
60556 39 75 UP
60625 86 96 DOWN
60634 29 75 UP
60770 57 81 DOWN
60770 57 83 DOWN
60770 57 96 DOWN
60891 95 96 UP
61222 39 96 UP
61239 95 96 DOWN
61334 73 92 DOWN
61358 81 96 UP
61388 32 91 UP
61388 32 80 UP
61483 14 29 UP
61483 14 33 UP
61483 14 96 UP
61483 14 18 UP
61483 14 81 UP
61483 14 83 UP
61592 20 72 UP
61592 20 38 UP
61592 20 84 UP
61592 20 35 UP
61675 81 85 UP
61750 73 92 UP
61801 14 29 DOWN
61801 14 85 UP
61852 39 57 UP
62343 29 83 DOWN
62343 29 81 UP
62601 50 92 DOWN
62601 50 73 DOWN
62699 73 92 DOWN
62944 72 84 DOWN
62964 57 95 UP
63283 81 96 DOWN
63283 81 83 DOWN
63283 81 85 DOWN
63290 57 75 UP
63357 29 81 DOWN
63469 14 33 DOWN
63469 14 29 UP
63532 95 96 UP
63614 17 85 UP
63926 17 85 DOWN
64094 14 85 DOWN
64372 32 91 DOWN
64372 32 80 DOWN
64407 14 96 DOWN
64407 14 18 DOWN
64407 14 81 DOWN
64407 14 83 DOWN
64407 14 29 DOWN
64475 95 96 DOWN
64564 57 95 DOWN
64700 29 95 DOWN
64700 29 96 DOWN
64729 39 95 DOWN
64729 39 96 DOWN
65706 20 72 DOWN
65918 57 96 UP
66006 39 96 UP
66010 29 96 UP
66014 14 18 UP
66014 14 83 UP
66345 14 96 UP
66460 65 93 DOWN
66651 20 84 DOWN
66651 20 35 DOWN
66708 14 81 UP
66715 81 83 UP
66715 81 96 UP
66955 82 97 DOWN
66964 20 38 DOWN
67083 81 83 DOWN
67176 2 82 DOWN
67202 57 96 DOWN
67289 29 75 DOWN
67289 29 81 UP
67292 39 81 UP
67357 14 81 DOWN
67488 2 97 DOWN
67496 72 79 UP
67555 57 75 DOWN
67618 39 57 DOWN
67625 29 81 DOWN
67625 29 96 DOWN
67625 29 39 DOWN
67931 39 75 DOWN
68243 39 81 DOWN
68246 29 57 DOWN
68310 14 96 DOWN
68310 14 18 DOWN
68310 14 83 DOWN
68359 81 96 DOWN
68554 39 96 DOWN
68762 72 79 DOWN
68764 2 97 UP
69390 2 97 DOWN
70977 74 91 UP
71314 74 91 DOWN
71580 2 63 DOWN
73272 29 57 UP
73541 73 85 UP
73541 73 79 UP
73645 29 83 UP
74167 73 85 DOWN
74401 2 74 UP
74491 73 79 DOWN
75699 24 57 UP
75699 24 29 UP
75699 24 83 UP
76012 24 57 DOWN
76012 24 29 DOWN
76278 2 74 DOWN
76376 24 83 DOWN
76376 24 28 UP
76376 24 89 UP
77932 29 83 DOWN
78614 24 28 DOWN
78614 24 89 DOWN
79183 29 57 DOWN
83978 57 83 UP
84300 57 83 DOWN
122226 50 73 UP
123170 50 73 DOWN
124364 29 39 UP
124782 14 33 UP
125754 39 95 UP
125968 29 95 UP
126035 14 89 UP
126356 2 94 UP
126946 29 96 UP
127020 14 89 DOWN
127383 10 30 UP
127615 2 94 DOWN
127659 14 29 UP
127882 73 77 UP
128027 14 33 DOWN
128027 14 29 DOWN
128027 14 96 UP
128121 2 94 UP
128121 2 97 UP
128392 78 91 UP
128392 78 80 UP
129299 94 97 UP
129388 32 91 UP
129388 32 78 UP
129388 32 80 UP
129488 50 84 UP
129606 29 96 DOWN
129661 14 96 DOWN
129854 82 97 UP
129919 29 95 DOWN
129919 29 39 DOWN
129957 94 97 DOWN
130011 2 94 DOWN
130011 2 82 UP
130252 39 57 UP
130634 17 96 UP
130653 2 63 UP
130672 14 85 UP
130884 29 92 UP
130888 32 91 DOWN
130909 78 91 DOWN
130920 57 95 UP
130961 17 96 DOWN
130966 2 63 DOWN
131226 29 42 UP
131348 14 96 UP
131550 29 42 DOWN
131982 73 77 DOWN
132088 65 93 UP
132176 29 92 DOWN
132238 2 63 UP
132464 32 91 UP
132508 78 91 UP
132636 14 85 DOWN
132691 82 94 UP
132719 65 93 DOWN
132868 2 94 UP
132951 50 84 DOWN
133139 29 95 UP
133457 29 96 UP
133457 29 39 UP
133600 73 77 UP
133758 94 97 UP
133938 72 92 UP
134083 57 95 DOWN
134107 95 96 UP
134123 29 96 DOWN
134255 82 94 DOWN
134278 14 95 UP
134537 65 93 UP
134586 82 97 DOWN
134696 7 74 UP
134913 14 96 DOWN
134913 14 95 DOWN
134958 82 97 UP
134958 82 94 UP
135109 29 57 UP
135139 95 96 DOWN
135256 32 91 DOWN
135256 32 78 DOWN
135256 32 80 DOWN
135427 29 95 DOWN
135427 29 39 DOWN
135427 29 57 DOWN
135669 94 97 DOWN
135896 82 97 DOWN
136031 2 97 DOWN
136058 29 39 UP
136058 29 95 UP
136058 29 57 UP
136106 39 75 UP
136341 7 74 DOWN
136367 57 95 UP
136727 39 75 DOWN
136885 14 33 UP
136885 14 83 UP
136969 2 63 DOWN
137200 20 84 UP
137280 32 91 UP
137280 32 78 UP
137280 32 80 UP
137513 20 84 DOWN
137592 32 91 DOWN
137592 32 78 DOWN
137592 32 80 DOWN
137839 14 33 DOWN
138077 73 77 DOWN
138152 14 83 DOWN
138413 82 97 UP
138546 2 97 UP
138546 2 63 UP
138627 57 95 DOWN
138683 29 39 DOWN
139003 39 95 DOWN
139006 29 95 DOWN
139124 77 84 UP
139381 32 80 UP
139381 32 91 UP
139381 32 78 UP
139389 57 86 UP
139441 72 92 DOWN
139688 39 86 UP
139695 29 86 UP
139771 94 97 UP
139846 7 74 UP
139906 72 92 UP
140022 29 34 UP
140179 17 89 UP
140395 29 39 UP
140807 17 89 DOWN
141804 29 34 DOWN
142130 17 89 UP
142149 7 74 DOWN
142496 29 39 DOWN
142496 29 86 DOWN
142496 29 57 DOWN
142827 10 30 DOWN
142946 29 34 UP
142946 29 39 UP
142946 29 57 UP
142946 29 86 UP
142958 39 86 DOWN
142958 39 57 DOWN
142993 94 97 DOWN
143247 10 30 UP
143295 2 97 DOWN
143421 17 89 DOWN
143603 77 84 DOWN
143605 39 57 UP
143605 39 86 UP
143920 29 34 DOWN
143921 20 57 UP
143921 20 29 UP
143921 20 34 UP
143921 20 39 UP
143921 20 86 UP
144067 50 77 UP
144549 2 63 DOWN
144549 2 97 UP
144609 39 75 UP
144772 20 57 DOWN
144772 20 29 DOWN
145009 50 77 DOWN
145094 20 89 UP
145279 29 75 UP
145500 20 83 UP
145561 39 75 DOWN
145613 29 75 DOWN
145723 14 83 UP
145849 2 63 UP
145957 17 85 UP
146193 72 92 DOWN
146398 14 18 UP
146498 2 97 DOWN
146498 2 15 UP
146552 65 93 DOWN
146602 17 85 DOWN
146665 72 92 UP
146811 2 94 DOWN
146811 2 15 DOWN
146854 20 29 UP
146912 82 94 DOWN
147024 14 83 DOWN
147231 20 89 DOWN
147291 72 92 DOWN
147442 2 63 DOWN
147597 20 29 DOWN
147597 20 34 DOWN
147689 57 95 UP
147922 86 95 UP
147993 29 95 UP
148115 39 95 UP
148366 20 39 DOWN
148366 20 83 DOWN
148689 20 86 DOWN
148719 2 63 UP
148887 16 29 UP
148887 16 57 UP
148887 16 95 UP
148887 16 39 UP
148887 16 18 UP
148887 16 86 UP
148887 37 57 UP
148887 37 95 UP
148887 37 39 UP
148887 37 86 UP
149012 29 39 DOWN
149012 29 57 DOWN
149012 29 86 DOWN
149012 29 95 DOWN
149092 16 17 UP
149284 16 33 UP
149322 20 92 UP
149322 20 72 UP
149334 29 32 UP
149402 10 30 DOWN
149484 78 80 DOWN
149541 65 93 UP
149622 32 80 DOWN
149691 29 32 DOWN
149900 14 18 DOWN
150019 29 33 UP
150833 14 16 UP
150833 14 18 UP
150858 57 95 DOWN
150888 20 92 DOWN
150889 16 29 DOWN
150908 50 92 UP
151132 7 78 UP
151132 7 91 UP
151132 7 32 UP
151152 14 16 DOWN
151164 65 93 DOWN
151221 50 92 DOWN
151303 39 95 DOWN
151445 77 92 UP
151465 14 18 DOWN
151524 86 95 DOWN
151660 16 57 DOWN
151660 16 95 DOWN
151660 37 57 DOWN
151660 37 95 DOWN
151693 72 79 UP
151836 7 78 DOWN
151836 7 91 DOWN
151836 7 32 DOWN
151860 16 96 UP
151860 37 96 UP
151938 39 96 UP
151985 29 33 DOWN
152077 16 33 DOWN
152077 16 17 DOWN
152077 16 96 DOWN
152077 16 39 DOWN
152077 16 18 DOWN
152077 16 86 DOWN
152077 37 96 DOWN
152077 37 39 DOWN
152077 37 86 DOWN
152079 77 92 DOWN
152170 86 96 UP
152276 16 93 UP
152276 37 93 UP
152348 29 39 UP
152348 29 57 UP
152348 29 86 UP
152348 29 96 UP
152497 2 97 UP
152649 78 91 DOWN
152710 32 91 DOWN
152710 32 78 DOWN
152809 2 97 DOWN
152860 16 93 DOWN
152860 37 93 DOWN
152884 82 97 DOWN
153142 2 89 UP
153768 2 89 DOWN
154081 2 82 DOWN
154518 10 30 UP
154964 20 72 DOWN
155024 57 96 UP
155291 50 84 UP
155962 2 63 DOWN
156317 57 86 DOWN
156866 29 57 DOWN
156968 57 83 UP
157025 39 57 DOWN
157187 50 84 DOWN
157281 57 83 DOWN
157281 57 96 DOWN
157551 29 39 DOWN
157551 29 86 DOWN
157551 29 96 DOWN
157586 86 96 DOWN
157651 39 86 DOWN
157964 39 96 DOWN
158287 7 74 UP
158581 72 79 DOWN
158939 7 74 DOWN
159387 50 72 UP
160029 20 77 UP
160338 50 72 DOWN
160744 29 57 UP
160779 57 86 UP
161121 29 83 UP
161236 50 72 UP
161440 29 83 DOWN
161440 29 86 UP
161736 57 86 DOWN
161753 29 86 DOWN
161857 50 72 DOWN
162249 20 77 DOWN
162494 50 82 UP
162511 10 30 DOWN
163139 50 82 DOWN
163654 29 57 DOWN
165203 57 96 UP
168899 20 46 UP
169850 20 46 DOWN
172174 57 96 DOWN
202889 50 73 UP
204825 50 73 DOWN
205195 50 73 UP
206724 29 95 UP
209284 32 65 UP
209284 32 91 UP
209303 65 91 UP
209602 32 80 UP
209618 65 80 UP
211165 39 95 UP
211170 14 29 UP
211220 29 39 UP
211485 39 95 DOWN
211521 32 65 DOWN
211535 65 91 DOWN
211535 65 80 DOWN
212081 39 95 UP
212113 14 81 UP
212178 78 91 UP
212178 78 80 UP
212426 14 29 DOWN
213045 39 95 DOWN
213182 81 83 UP
213348 32 78 UP
213398 14 95 UP
213502 81 83 DOWN
213533 29 95 DOWN
213533 29 39 DOWN
213706 50 73 DOWN
213776 78 91 DOWN
213973 29 39 UP
214323 29 83 UP
214323 29 34 UP
214528 81 95 UP
214715 29 95 UP
215028 29 39 DOWN
215028 29 83 DOWN
215086 14 95 DOWN
215111 82 97 UP
215251 81 95 DOWN
215251 81 83 UP
215344 39 95 UP
215344 39 75 UP
215386 94 97 UP
215427 82 94 UP
215662 81 83 DOWN
215667 29 34 DOWN
215690 78 91 UP
215734 14 39 UP
215734 14 83 UP
216003 78 91 DOWN
216003 78 80 DOWN
216012 39 95 DOWN
216052 14 81 DOWN
216246 32 91 DOWN
216246 32 78 DOWN
216246 32 80 DOWN
216332 81 94 UP
216332 81 97 UP
216332 81 82 UP
216339 29 81 UP
216339 29 94 UP
216339 29 82 UP
216339 29 97 UP
216393 65 78 UP
216393 82 95 UP
216448 10 30 UP
216640 95 97 UP
216651 81 94 DOWN
216651 81 97 DOWN
216651 81 82 DOWN
216660 29 81 DOWN
216710 14 39 DOWN
216913 2 95 UP
216913 2 29 UP
216913 2 97 UP
216913 2 94 UP
216913 2 82 UP
216956 95 97 DOWN
216999 94 95 UP
217039 65 78 DOWN
217040 82 95 DOWN
217226 2 95 DOWN
217312 94 95 DOWN
217322 81 83 UP
217387 14 33 UP
217387 14 81 UP
217548 2 29 DOWN
217548 2 63 UP
217614 29 94 DOWN
217614 29 82 DOWN
217614 29 97 DOWN
217938 29 34 UP
217993 57 95 UP
218028 14 33 DOWN
218252 29 57 UP
218252 20 26 UP
218364 14 75 UP
218594 29 83 UP
218878 20 26 DOWN
219126 10 30 DOWN
219237 72 73 UP
219320 29 75 UP
219354 78 91 UP
219354 78 80 UP
219359 14 39 UP
219476 2 63 DOWN
219632 29 34 DOWN
219857 32 63 UP
219945 29 75 DOWN
220035 7 63 UP
220035 7 32 UP
220068 14 39 DOWN
220085 50 55 UP
220115 10 63 UP
220115 10 32 UP
220238 39 95 UP
220278 81 83 DOWN
220352 7 10 UP
220617 39 75 DOWN
220617 39 57 UP
220752 81 83 UP
220950 29 39 UP
221205 57 75 UP
221205 57 86 UP
221278 29 95 DOWN
221278 29 86 UP
221311 39 95 DOWN
221311 39 86 UP
221620 86 95 UP
221655 50 55 DOWN
221800 14 75 DOWN
221800 14 33 UP
221800 14 95 UP
221958 29 83 DOWN
222274 29 96 UP
222290 50 55 UP
222322 86 96 UP
222356 95 96 UP
222367 81 83 DOWN
222510 14 33 DOWN
222510 14 95 DOWN
222510 14 81 DOWN
222510 14 96 UP
222582 39 95 UP
222582 39 75 UP
222605 29 96 DOWN
222605 29 75 UP
222605 29 95 UP
222672 10 81 UP
222753 32 81 UP
222859 14 29 UP
222859 14 86 UP
222939 7 81 UP
222985 10 63 DOWN
222985 10 81 DOWN
223003 72 73 DOWN
223065 32 63 DOWN
223065 32 81 DOWN
223286 20 31 UP
223286 20 36 UP
223491 57 96 UP
223573 14 21 UP
223581 50 92 UP
223608 20 46 UP
223608 20 50 UP
223608 20 55 UP
223878 7 63 DOWN
223889 39 96 UP
223937 20 92 UP
223955 95 96 DOWN
224046 10 30 UP
224137 57 81 UP
224216 81 86 UP
224216 81 95 UP
224231 29 81 UP
224231 29 96 UP
224232 39 96 DOWN
224232 39 49 UP
224239 7 74 UP
224285 86 96 DOWN
224365 10 30 DOWN
224450 57 75 DOWN
224450 57 81 DOWN
224544 29 81 DOWN
224556 81 86 DOWN
224556 81 95 DOWN
224572 7 74 DOWN
224580 50 55 DOWN
224626 14 21 DOWN
224730 10 81 UP
224828 57 95 DOWN
224858 39 95 DOWN
224858 39 75 DOWN
224864 29 75 DOWN
224864 29 95 DOWN
224864 29 49 UP
224947 50 92 DOWN
224974 86 95 DOWN
224977 91 95 UP
225011 32 81 UP
225144 57 86 DOWN
225208 20 46 DOWN
225290 91 95 DOWN
225307 73 84 UP
225328 32 63 UP
225370 41 74 UP
225389 10 63 UP
225605 7 63 UP
225644 86 96 UP
225682 41 74 DOWN
225960 14 29 DOWN
226452 57 86 UP
226457 39 49 DOWN
226457 39 86 DOWN
226457 39 57 DOWN
226530 29 49 DOWN
226530 29 95 UP
226534 94 97 DOWN
226770 57 96 DOWN
226770 57 95 UP
226843 29 96 DOWN
226911 39 95 UP
226911 39 49 UP
226911 39 57 UP
226911 39 86 UP
226961 78 91 DOWN
226979 86 96 DOWN
226979 86 95 UP
227225 39 75 UP
227282 14 83 DOWN
227282 14 33 UP
227433 2 97 DOWN
227618 14 96 DOWN
227776 57 75 UP
227860 39 95 DOWN
227860 39 75 DOWN
227860 39 49 DOWN
227860 39 57 DOWN
227866 29 75 UP
227866 29 49 UP
227870 91 96 UP
228055 20 31 DOWN
228120 57 89 UP
228192 39 83 UP
228192 39 91 UP
228192 39 96 UP
228200 29 89 UP
228260 86 89 UP
228383 20 92 DOWN
228383 20 50 DOWN
228383 20 55 DOWN
228437 57 75 DOWN
228437 57 95 DOWN
228511 39 89 UP
228534 29 75 DOWN
228534 29 95 DOWN
228534 29 49 DOWN
228573 86 95 DOWN
228729 20 36 DOWN
228834 57 83 UP
228834 57 91 UP
228834 57 96 UP
228893 29 83 UP
228893 29 91 UP
228893 29 34 UP
228893 29 96 UP
228893 29 30 UP
228901 86 96 UP
228932 14 33 DOWN
228932 14 86 DOWN
229015 2 97 UP
229048 7 32 DOWN
229048 7 63 DOWN
229048 7 10 DOWN
229079 32 81 DOWN
229202 39 57 UP
229206 29 39 DOWN
229218 86 91 UP
229259 10 32 DOWN
229259 10 63 DOWN
229259 10 81 DOWN
229297 82 97 DOWN
229395 32 63 DOWN
229615 10 30 UP
229640 2 94 DOWN
229693 7 81 DOWN
229805 57 83 DOWN
229805 57 75 UP
229854 39 83 DOWN
229854 39 75 UP
229855 29 75 UP
229855 29 83 DOWN
229855 29 34 DOWN
229855 29 30 DOWN
229985 81 89 UP
229985 81 86 UP
229985 81 91 UP
229985 81 96 UP
229986 2 97 DOWN
229997 94 97 UP
230088 73 84 DOWN
230121 57 89 DOWN
230121 57 81 UP
230174 39 89 DOWN
230174 39 81 UP
230179 29 75 DOWN
230179 29 86 DOWN
230179 29 91 DOWN
230179 29 96 DOWN
230179 29 57 DOWN
230216 86 89 DOWN
230299 2 82 DOWN
230308 81 89 DOWN
230442 57 63 UP
230492 39 86 DOWN
230492 39 63 UP
230544 86 91 DOWN
230544 86 96 DOWN
230555 82 97 UP
230581 72 84 UP
230621 81 86 DOWN
230629 29 89 DOWN
230755 57 63 DOWN
230755 57 75 DOWN
230755 57 81 DOWN
230755 57 91 DOWN
230755 57 96 DOWN
230947 10 30 DOWN
231022 29 86 UP
231022 29 95 UP
231070 32 63 UP
231070 32 39 UP
231070 32 75 UP
231070 32 81 UP
231070 32 96 UP
231070 32 91 UP
231382 32 63 DOWN
231391 29 49 UP
231438 39 57 DOWN
231555 86 95 UP
231757 39 63 DOWN
231764 29 57 UP
231850 14 86 UP
231850 14 33 UP
232080 29 49 DOWN
232496 14 86 DOWN
232826 32 39 DOWN
233022 39 81 DOWN
233022 39 75 DOWN
233022 39 91 DOWN
233022 39 96 DOWN
233098 29 57 DOWN
233214 57 95 UP
233448 94 97 DOWN
233452 32 75 DOWN
233452 32 81 DOWN
233452 32 96 DOWN
233459 14 33 DOWN
233696 82 94 DOWN
233728 29 39 UP
234042 91 96 DOWN
234061 29 49 UP
234096 14 86 UP
234157 81 91 DOWN
234168 39 49 UP
234168 39 86 UP
234168 39 57 UP
234258 57 75 UP
234258 57 89 UP
234430 29 75 UP
234443 20 55 UP
234443 20 35 UP
234443 20 84 UP
234443 20 72 UP
234524 39 95 UP
234524 39 75 UP
234560 78 91 UP
234570 57 89 DOWN
234691 50 79 UP
234748 32 91 DOWN
234748 32 78 UP
234748 32 80 UP
234828 14 33 UP
234837 81 96 DOWN
235061 32 78 DOWN
235061 32 80 DOWN
235077 95 96 UP
235079 29 96 UP
235084 10 30 UP
235195 86 96 UP
235257 57 75 DOWN
235257 57 86 DOWN
235257 57 95 DOWN
235323 50 79 DOWN
235456 14 81 UP
235517 39 95 DOWN
235517 39 49 DOWN
235517 39 86 DOWN
235517 39 57 DOWN
235617 72 84 DOWN
235724 95 96 DOWN
235784 29 49 DOWN
235784 29 83 UP
235784 29 57 UP
235830 39 75 DOWN
235872 57 86 UP
235972 50 84 UP
236097 29 39 DOWN
236131 14 29 UP
236217 57 83 UP
236217 57 75 UP
236286 50 92 UP
236450 78 80 DOWN
236477 39 73 UP
236751 95 96 UP
236752 29 75 DOWN
236839 14 29 DOWN
236839 14 96 UP
237155 57 83 DOWN
237229 14 33 DOWN
237435 29 83 DOWN
237435 29 86 DOWN
237459 82 97 DOWN
237505 57 75 DOWN
237505 57 86 DOWN
237505 57 95 UP
237541 86 95 DOWN
237541 86 96 DOWN
237551 14 96 DOWN
237889 20 55 DOWN
237892 14 86 DOWN
238152 57 95 DOWN
238152 57 96 UP
238265 14 81 DOWN
238417 29 95 DOWN
238418 95 96 DOWN
238434 73 83 UP
238465 57 96 DOWN
238697 39 83 UP
238739 29 57 DOWN
238739 29 75 UP
238899 14 96 UP
239040 82 97 UP
239150 20 35 DOWN
239221 14 96 DOWN
239476 20 79 UP
239805 32 57 UP
239805 32 78 UP
239805 32 91 UP
239806 20 84 DOWN
240137 32 57 DOWN
240176 20 46 UP
240494 20 72 DOWN
240494 20 79 DOWN
240635 10 30 DOWN
240892 39 73 DOWN
240892 39 83 DOWN
240978 29 75 DOWN
241068 32 78 DOWN
241068 32 91 DOWN
241316 29 57 UP
241465 57 86 UP
241557 39 83 UP
241557 39 73 UP
241650 29 96 DOWN
241650 29 57 DOWN
241733 86 96 UP
241802 78 91 DOWN
241875 39 83 DOWN
242086 20 72 UP
242170 82 97 DOWN
242209 73 83 DOWN
242281 29 57 UP
242281 29 86 UP
242614 29 96 UP
242748 57 86 DOWN
242810 39 73 DOWN
242924 50 92 DOWN
242924 50 84 DOWN
243239 29 57 DOWN
243352 20 46 DOWN
243878 50 72 UP
244831 50 92 UP
245192 10 30 UP
245229 72 92 UP
245558 72 92 DOWN
245787 50 92 DOWN
245890 86 96 DOWN
246106 29 96 DOWN
246604 57 86 UP
246739 29 57 UP
247095 50 92 UP
247773 50 72 DOWN
248412 50 92 DOWN
248441 20 92 UP
248441 20 50 UP
249005 50 92 UP
249413 20 92 DOWN
249413 20 72 DOWN
249413 20 50 DOWN
249733 7 30 UP
249733 7 10 UP
250436 10 30 DOWN
250756 7 30 DOWN
251898 50 72 UP
251979 72 92 UP
252211 50 92 DOWN
252306 72 92 DOWN
252419 7 10 DOWN
252530 50 72 DOWN
254063 29 86 DOWN
254063 29 57 DOWN
257096 57 86 DOWN
268518 78 83 UP
269144 78 83 DOWN
294249 29 95 UP
294571 29 34 UP
295421 39 95 UP
295562 29 39 UP
296233 29 34 DOWN
296688 10 30 UP
297877 29 34 UP
297877 29 95 DOWN
297943 39 95 DOWN
298114 14 83 UP
298190 29 34 DOWN
298190 29 39 DOWN
298405 7 39 UP
298426 39 95 UP
299021 29 93 UP
299092 14 33 UP
299468 81 83 UP
299720 14 81 UP
300021 7 39 DOWN
300915 29 93 DOWN
300915 29 65 UP
300969 65 93 UP
301333 29 65 DOWN
301624 14 33 DOWN
301710 29 95 UP
301710 29 39 UP
301710 29 34 UP
301948 39 95 DOWN
301948 39 75 UP
302034 29 95 DOWN
302034 29 96 UP
302261 39 75 DOWN
302899 14 83 DOWN
302899 14 81 DOWN
303021 29 39 DOWN
303021 29 96 DOWN
303021 29 34 DOWN
303279 65 93 DOWN
304099 14 81 UP
304099 14 83 UP
304270 81 83 DOWN
304774 10 96 UP
304788 81 83 UP
305086 10 96 DOWN
305465 39 57 UP
305799 39 57 DOWN
305940 7 69 UP
306024 32 69 UP
306113 81 83 DOWN
306265 72 73 UP
306291 7 39 UP
306310 14 81 DOWN
306345 32 81 UP
306461 39 86 UP
306582 50 73 UP
306643 57 95 UP
306895 50 73 DOWN
306917 7 69 DOWN
306917 7 39 DOWN
306959 14 83 DOWN
307279 14 86 UP
307328 7 8 UP
308240 14 83 UP
308691 7 8 DOWN
309060 39 75 UP
309091 10 30 DOWN
309519 14 71 UP
309578 86 96 UP
309693 39 96 UP
309812 65 93 UP
309853 14 96 UP
310197 57 75 UP
310197 57 83 UP
310197 57 85 UP
310531 14 71 DOWN
310827 57 75 DOWN
311214 14 83 DOWN
311307 72 73 DOWN
311431 82 97 UP
311641 29 85 UP
311641 29 57 UP
311641 29 83 UP
311641 29 95 UP
312015 29 34 UP
312015 29 75 UP
312015 29 86 UP
312440 65 93 DOWN
312451 39 95 UP
312598 7 71 UP
312777 39 95 DOWN
312935 7 71 DOWN
313101 57 83 DOWN
313101 57 85 DOWN
313101 57 75 UP
313141 39 96 DOWN
313362 29 85 DOWN
313362 29 96 UP
313396 32 69 DOWN
313464 14 34 UP
313525 57 86 UP
313631 82 97 DOWN
313758 81 91 UP
313787 39 75 DOWN
313787 39 86 DOWN
313802 14 95 UP
313838 57 95 DOWN
314024 29 96 DOWN
314071 81 91 DOWN
314117 14 34 DOWN
314310 86 96 DOWN
314310 86 95 UP
314383 32 91 UP
314460 14 96 DOWN
314651 86 95 DOWN
314679 10 30 UP
314798 29 34 DOWN
314798 29 57 DOWN
314798 29 75 DOWN
314798 29 83 DOWN
314798 29 95 DOWN
314896 77 96 UP
315111 57 86 DOWN
315133 14 95 DOWN
315349 81 91 UP
315652 10 30 DOWN
315858 57 75 DOWN
315858 57 83 UP
315858 57 95 UP
316052 29 75 UP
316151 82 97 UP
316195 14 83 UP
316562 14 95 UP
316779 77 96 DOWN
316799 57 83 DOWN
316949 24 81 UP
317047 7 28 UP
317054 29 95 UP
317054 29 57 UP
317089 82 97 DOWN
317152 57 95 DOWN
317152 57 75 UP
317152 57 86 UP
317214 14 95 DOWN
317269 24 78 UP
317317 78 91 UP
317317 78 81 UP
317367 29 96 UP
317488 32 78 UP
317561 14 83 DOWN
317561 14 86 DOWN
317561 14 96 UP
317622 24 78 DOWN
317622 24 81 DOWN
317647 86 96 UP
317691 29 95 DOWN
317784 57 75 DOWN
317808 32 83 UP
317879 14 33 UP
317907 65 93 UP
317933 81 85 UP
317933 81 83 UP
317966 78 83 UP
318033 29 75 DOWN
318246 81 85 DOWN
318422 57 96 UP
318551 10 30 UP
318718 82 97 UP
319121 7 28 DOWN
319222 14 86 UP
319386 29 39 UP
319397 32 78 DOWN
319397 32 81 DOWN
319397 32 83 DOWN
319397 32 91 DOWN
319533 78 83 DOWN
319562 65 93 DOWN
319617 94 97 UP
319674 82 94 UP
319761 39 86 UP
319761 39 57 UP
319834 81 83 DOWN
319973 32 81 UP
320094 39 96 UP
320240 24 86 UP
320242 94 97 DOWN
320245 14 83 UP
320327 32 91 UP
320327 32 78 UP
320468 81 91 DOWN
320514 78 91 DOWN
320612 82 94 DOWN
320617 24 29 UP
320617 24 57 UP
320640 32 91 DOWN
320953 32 81 DOWN
321012 29 39 DOWN
321058 39 96 DOWN
321058 39 86 DOWN
321058 39 57 DOWN
321140 78 81 DOWN
321349 24 86 DOWN
321405 10 30 DOWN
321600 86 96 DOWN
321607 14 96 DOWN
321662 24 29 DOWN
321662 24 57 DOWN
321791 78 91 UP
321917 32 78 DOWN
322237 14 33 DOWN
322298 29 83 UP
322440 78 91 DOWN
322877 86 96 UP
322919 14 29 UP
322986 29 57 DOWN
322986 29 83 DOWN
322986 29 86 DOWN
322986 29 96 DOWN
323419 29 86 UP
323419 29 57 UP
323419 29 96 UP
323606 14 29 DOWN
323731 29 83 UP
323923 14 83 DOWN
323923 14 86 DOWN
324362 29 83 DOWN
324828 86 96 DOWN
325823 7 65 UP
326136 7 65 DOWN
326728 86 96 UP
327665 57 86 DOWN
327684 86 96 DOWN
327828 82 97 DOWN
327857 29 86 DOWN
327978 57 96 DOWN
328862 10 30 UP
329113 29 57 DOWN
329450 29 83 UP
330082 29 83 DOWN
330456 10 83 UP
330769 10 83 DOWN
331364 29 83 UP
332925 29 83 DOWN
334235 29 96 DOWN
334492 10 30 DOWN
335348 7 96 UP
335661 7 96 DOWN
336995 65 85 UP
337210 86 96 UP
337397 29 96 UP
337397 29 86 UP
339949 29 96 DOWN
340066 86 96 DOWN
340262 29 86 DOWN
340723 72 79 UP
344175 72 79 DOWN
345402 65 97 UP
348351 65 85 DOWN
348351 65 97 DOWN
389923 29 83 UP
390552 29 83 DOWN
392140 29 83 UP
394061 29 83 DOWN
394489 81 83 UP
394716 29 86 UP
394806 81 86 UP
395384 29 83 UP
396426 81 86 DOWN
396965 29 86 DOWN
397052 81 83 DOWN
399464 29 83 DOWN
400096 29 86 UP
400577 14 83 UP
401837 14 86 UP
403577 29 86 DOWN
404138 29 86 UP
404337 32 91 UP
405294 32 91 DOWN
406320 14 86 DOWN
407301 29 83 UP
407602 14 83 DOWN
410138 29 83 DOWN
410769 29 86 DOWN
417952 32 83 UP
422434 32 83 DOWN
423783 7 32 UP
423991 29 83 UP
424133 7 32 DOWN
427146 29 83 DOWN
428611 65 86 UP
428924 65 86 DOWN
429557 78 86 UP
429640 57 65 UP
429640 57 78 UP
429640 57 86 UP
429896 65 86 UP
429896 65 78 UP
431546 57 65 DOWN
431546 57 78 DOWN
431767 78 86 DOWN
431791 65 86 DOWN
431858 57 86 DOWN
432113 65 78 DOWN
433545 65 78 UP
435113 65 78 DOWN
482536 72 79 UP
484969 29 86 UP
485265 20 79 UP
486226 20 72 UP
486301 72 79 DOWN
487022 72 79 UP
487648 72 79 DOWN
489998 20 72 DOWN
490355 29 86 DOWN
491298 20 72 UP
491298 20 79 DOWN
491611 20 72 DOWN
492880 20 31 UP
497904 20 31 DOWN
498507 7 58 UP
499482 7 58 DOWN
501394 7 89 UP
501756 7 89 DOWN
550890 29 39 UP
551677 77 96 UP
552323 77 95 UP
552585 39 95 UP
553021 95 96 UP
553122 29 95 UP
553675 77 95 DOWN
553675 77 96 DOWN
553817 29 96 UP
554131 29 95 DOWN
554726 81 96 UP
555001 95 96 DOWN
555053 81 96 DOWN
555077 29 96 DOWN
556040 29 95 UP
556652 95 96 UP
556674 29 96 UP
556985 81 96 UP
557318 39 96 UP
557986 39 96 DOWN
558249 81 96 DOWN
558263 95 96 DOWN
558276 29 96 DOWN
558904 29 86 UP
558962 39 86 UP
559094 86 95 UP
559236 7 60 UP
559623 78 91 UP
560172 29 95 DOWN
560172 29 39 DOWN
560172 29 86 DOWN
560870 7 60 DOWN
560956 29 39 UP
560956 29 86 UP
560956 29 95 UP
561187 78 91 DOWN
561282 29 39 DOWN
561282 29 96 UP
561374 86 96 UP
561511 39 95 DOWN
561671 32 91 UP
561865 39 86 DOWN
562079 81 96 UP
562180 39 81 UP
562838 94 97 UP
563049 95 96 UP
563147 39 81 DOWN
563151 94 97 DOWN
563424 7 60 UP
563702 50 92 UP
564015 50 92 DOWN
564037 81 86 UP
564117 7 21 UP
564430 7 21 DOWN
564446 94 97 UP
564770 94 97 DOWN
565353 81 96 DOWN
565353 81 86 DOWN
565500 14 39 UP
565500 14 96 UP
565500 14 81 UP
565518 32 91 DOWN
565778 29 86 DOWN
565778 29 39 UP
565819 14 39 DOWN
565872 86 95 DOWN
565872 86 96 DOWN
565942 72 92 UP
566084 39 96 UP
566084 39 49 UP
566084 39 95 UP
566219 32 60 UP
566425 7 60 DOWN
566662 94 97 UP
566742 95 96 DOWN
566780 14 33 UP
566858 32 60 DOWN
566976 94 97 DOWN
567048 29 96 DOWN
567059 39 96 DOWN
567093 14 96 DOWN
567423 14 33 DOWN
567743 7 32 UP
567942 82 94 UP
567997 29 39 DOWN
568442 7 32 DOWN
568686 14 33 UP
569111 32 85 UP
569272 20 84 UP
569398 29 96 UP
569398 29 39 UP
569418 95 96 UP
569424 32 85 DOWN
569613 39 96 UP
569614 81 96 UP
569669 14 96 UP
569982 14 33 DOWN
570366 7 21 UP
570366 29 39 DOWN
570506 77 84 UP
570630 39 96 DOWN
570679 7 21 DOWN
570988 29 95 DOWN
570988 29 96 DOWN
571065 7 60 UP
571320 95 96 DOWN
571657 29 39 UP
571657 29 95 UP
571657 29 96 UP
571757 7 60 DOWN
572087 20 84 DOWN
572487 65 93 UP
572635 81 96 DOWN
572706 20 84 UP
573173 95 96 UP
573229 29 83 UP
573486 95 96 DOWN
573543 39 83 UP
573590 72 92 DOWN
573644 20 84 DOWN
574191 72 92 UP
574201 29 86 UP
574479 39 83 DOWN
574480 32 91 UP
574500 86 96 UP
574817 39 86 UP
574830 29 39 DOWN
574848 81 96 UP
574848 81 83 UP
574849 86 96 DOWN
575118 14 83 UP
575118 14 86 UP
575194 29 83 DOWN
575218 81 96 DOWN
575218 81 95 UP
575250 77 84 DOWN
575458 72 92 DOWN
575502 39 49 DOWN
575644 95 96 UP
575647 86 96 UP
575697 57 96 UP
575697 57 86 UP
575786 14 95 UP
575926 81 95 DOWN
575926 81 83 DOWN
575957 50 77 UP
575962 86 95 UP
576053 57 96 DOWN
576053 57 86 DOWN
576099 14 95 DOWN
576191 29 39 UP
576196 39 86 DOWN
576196 39 95 DOWN
576412 14 81 DOWN
576601 95 96 DOWN
576781 32 91 DOWN
576842 65 91 UP
576850 91 93 UP
576917 39 96 UP
576917 39 95 UP
576917 39 86 UP
577946 81 96 UP
577946 81 83 UP
578031 14 81 UP
578443 32 57 UP
578756 32 57 DOWN
578773 29 95 DOWN
578891 57 95 UP
579018 14 95 UP
579204 57 95 DOWN
579419 29 96 DOWN
579419 29 39 DOWN
579419 29 86 DOWN
579656 95 96 UP
579657 65 91 DOWN
579735 14 95 DOWN
579818 39 96 DOWN
579861 91 93 DOWN
579994 29 96 UP
579994 29 86 UP
580309 29 95 UP
580344 32 91 UP
581119 82 97 UP
581155 94 97 UP
581345 50 77 DOWN
581469 94 97 DOWN
581828 39 95 DOWN
581828 39 86 DOWN
582239 32 78 UP
582296 78 91 UP
582503 86 95 DOWN
582524 95 96 DOWN
582538 29 95 DOWN
582743 94 97 UP
583188 29 57 UP
583266 50 92 UP
583361 57 96 UP
583361 57 86 UP
583604 50 72 UP
583736 94 97 DOWN
583736 72 92 UP
584015 57 96 DOWN
584339 57 86 DOWN
584484 29 57 DOWN
585015 94 97 UP
585416 14 86 DOWN
585488 78 91 DOWN
585615 57 86 UP
585729 14 96 DOWN
585729 14 81 DOWN
585729 14 83 DOWN
585760 29 57 UP
585761 32 78 DOWN
586255 57 96 UP
586797 50 72 DOWN
586929 20 72 UP
586962 72 92 DOWN
587351 32 91 DOWN
587597 20 92 UP
587597 20 38 UP
587597 20 50 UP
587893 94 97 DOWN
588012 82 97 DOWN
588322 29 83 UP
588576 81 96 DOWN
588576 81 83 DOWN
588651 29 83 DOWN
589111 81 96 UP
589299 29 57 DOWN
589425 81 96 DOWN
589576 82 94 DOWN
589638 50 92 DOWN
590495 20 92 DOWN
590495 20 38 DOWN
590495 20 50 DOWN
590575 29 57 UP
591121 20 72 DOWN
592113 65 93 DOWN
593573 57 95 UP
593721 95 96 UP
593754 29 95 UP
593886 57 96 DOWN
593934 86 95 UP
594360 95 96 DOWN
594511 57 95 DOWN
594692 29 95 DOWN
594873 86 95 DOWN
596877 29 96 DOWN
596877 29 86 DOWN
596877 29 57 DOWN
597021 57 86 DOWN
597216 29 78 UP
597393 86 96 DOWN
598467 29 78 DOWN
600777 7 8 UP
601094 7 8 DOWN
601094 7 78 UP
601407 7 78 DOWN
603111 29 57 UP
604077 29 57 DOWN
605520 7 8 UP
605986 29 57 UP
607447 7 8 DOWN
618672 29 57 DOWN
624971 29 78 UP
630985 29 78 DOWN
632457 50 73 UP
639213 29 95 UP
639846 29 95 DOWN
640451 50 73 DOWN
641272 50 73 UP
641421 29 95 UP
642576 50 73 DOWN
643373 29 39 UP
644144 2 94 UP
644833 39 95 UP
645044 14 81 UP
645592 29 30 UP
645733 14 81 DOWN
646342 14 81 UP
646535 50 84 UP
646546 29 30 DOWN
646682 2 97 UP
647363 39 95 DOWN
647874 39 95 UP
647932 14 33 UP
647961 2 63 UP
648120 50 84 DOWN
648259 29 95 DOWN
648274 2 63 DOWN
648503 39 95 DOWN
648565 14 33 DOWN
648602 2 94 DOWN
648602 2 97 DOWN
649549 16 39 UP
649549 16 29 UP
649549 37 39 UP
649554 14 16 UP
650019 82 94 UP
651289 82 97 UP
651358 94 97 UP
651731 39 95 UP
651742 16 95 UP
651742 37 95 UP
651805 29 95 UP
651911 50 72 UP
651911 50 92 UP
651968 16 95 DOWN
651968 16 39 DOWN
651968 37 95 DOWN
651968 37 39 DOWN
652014 32 78 UP
652200 14 81 DOWN
652200 14 83 UP
652325 94 97 DOWN
652358 16 29 DOWN
652460 72 92 UP
652540 82 94 DOWN
652725 16 17 UP
652725 16 29 UP
652725 16 83 UP
652725 16 95 UP
652725 37 83 UP
652725 37 95 UP
652834 14 16 DOWN
652854 50 72 DOWN
653062 65 93 UP
653175 16 39 UP
653175 37 39 UP
653777 29 39 DOWN
654096 29 83 UP
654170 14 83 DOWN
654170 14 29 UP
654330 39 95 DOWN
654484 14 81 UP
654492 50 72 UP
654844 14 29 DOWN
655113 50 92 DOWN
655113 50 72 DOWN
655164 14 81 DOWN
655164 14 95 UP
655292 39 49 UP
655410 20 46 UP
655410 20 50 UP
655469 16 49 UP
655469 37 49 UP
655663 39 86 UP
655664 50 92 UP
655664 50 72 UP
655671 16 86 UP
655671 37 86 UP
655981 57 81 UP
656007 32 78 DOWN
656598 50 72 DOWN
656609 57 81 DOWN
656743 14 86 UP
656895 32 78 UP
656921 86 95 UP
656951 50 92 DOWN
657003 20 72 UP
657045 72 92 DOWN
657056 73 84 UP
657072 14 86 DOWN
657072 14 33 UP
657414 14 33 DOWN
657579 86 95 DOWN
657737 72 84 UP
657765 14 95 DOWN
657967 20 72 DOWN
658148 16 49 DOWN
658148 16 75 UP
658148 37 49 DOWN
658148 37 75 UP
658711 65 93 DOWN
658943 16 75 DOWN
658943 16 95 DOWN
658943 37 75 DOWN
658943 37 95 DOWN
658963 29 95 DOWN
658963 29 83 DOWN
659168 16 83 DOWN
659168 37 83 DOWN
659361 16 17 DOWN
659361 16 29 DOWN
659361 16 39 DOWN
659361 16 86 DOWN
659361 37 39 DOWN
659361 37 86 DOWN
659386 14 86 UP
659480 29 83 UP
659480 29 95 UP
660007 65 93 UP
660204 20 46 DOWN
660204 20 50 DOWN
660394 14 83 UP
660465 29 39 UP
660465 29 86 UP
660547 86 95 UP
660568 39 95 UP
660820 29 83 DOWN
661270 72 84 DOWN
661323 82 97 DOWN
661369 14 86 DOWN
661785 72 84 UP
661982 73 84 DOWN
662313 14 83 DOWN
662445 29 49 UP
662600 57 95 UP
662600 57 86 UP
662774 50 73 UP
662848 39 57 UP
662962 14 86 UP
662962 14 81 UP
663074 29 57 UP
663409 29 95 DOWN
663415 20 35 UP
663420 57 95 DOWN
663435 86 95 DOWN
663492 39 95 DOWN
663805 39 57 DOWN
663963 14 57 UP
664276 14 86 DOWN
664396 29 49 DOWN
664682 20 35 DOWN
664815 86 89 UP
664960 14 57 DOWN
665099 39 57 UP
665102 82 97 UP
665498 86 89 DOWN
665529 24 75 UP
665529 24 29 UP
665529 24 49 UP
665529 24 86 UP
665529 24 39 UP
665591 14 81 DOWN
665722 29 75 UP
665722 29 49 UP
665727 57 86 DOWN
665782 39 75 UP
665962 14 86 UP
666117 39 57 DOWN
666201 24 75 DOWN
666201 24 57 UP
666300 20 84 UP
666300 20 35 UP
666393 29 75 DOWN
666430 39 75 DOWN
666451 16 57 UP
666451 16 24 UP
666451 16 29 UP
666451 32 78 DOWN
666451 37 57 UP
666620 20 38 UP
666620 20 72 UP
666634 14 57 UP
666665 16 17 UP
666665 16 86 UP
666665 37 86 UP
666849 50 73 DOWN
666875 16 39 UP
666875 37 39 UP
666877 24 57 DOWN
667030 29 49 DOWN
667068 16 57 DOWN
667068 37 57 DOWN
667109 57 86 UP
667261 16 17 DOWN
667261 16 39 DOWN
667261 16 24 DOWN
667261 16 86 DOWN
667261 16 29 DOWN
667261 37 39 DOWN
667261 37 86 DOWN
667457 57 86 DOWN
667515 72 84 DOWN
667636 14 86 DOWN
667636 14 81 UP
667689 29 57 DOWN
667974 14 57 DOWN
668201 24 39 DOWN
668542 24 29 DOWN
668542 24 49 DOWN
668542 24 86 DOWN
668698 29 39 DOWN
668954 14 86 UP
669011 29 86 DOWN
670521 14 81 DOWN
670521 14 86 DOWN
670537 57 86 UP
670639 39 57 UP
671023 20 38 DOWN
671023 20 72 DOWN
671023 20 84 DOWN
671023 20 35 DOWN
671494 65 93 DOWN
671659 20 73 UP
671974 20 36 UP
672249 39 49 DOWN
672599 20 73 DOWN
673823 39 89 UP
674151 39 86 DOWN
674151 39 57 DOWN
674151 39 89 DOWN
675430 20 36 DOWN
676061 82 97 DOWN
676486 82 97 UP
681806 82 97 DOWN
682219 57 86 DOWN
682966 57 86 UP
685926 29 78 UP
687811 29 78 DOWN
689136 24 93 UP
689449 24 93 DOWN
691171 57 86 DOWN
725626 29 95 UP
726603 29 95 DOWN
727615 29 95 UP
729218 29 39 UP
729753 39 95 UP
730215 2 97 UP
731570 14 18 UP
731914 57 95 UP
732094 2 47 UP
732351 39 57 UP
732791 29 95 DOWN
732791 29 39 DOWN
733220 29 57 UP
733220 29 95 UP
733220 29 39 UP
733527 14 33 UP
733884 29 57 DOWN
734543 29 95 DOWN
734543 29 39 DOWN
734604 2 63 UP
734895 57 95 DOWN
734927 39 95 DOWN
735154 14 33 DOWN
735235 2 97 DOWN
736900 29 95 UP
736900 29 57 UP
737036 57 95 UP
737036 57 75 UP
737169 39 95 UP
737169 39 75 UP
737217 29 75 UP
737871 29 95 DOWN
737995 14 81 UP
738207 39 95 DOWN
738371 14 57 UP
738371 14 75 UP
738396 2 97 UP
738742 14 57 DOWN
738742 14 33 UP
738835 39 75 DOWN
738835 39 57 DOWN
739055 14 18 DOWN
739206 29 39 UP
739393 14 75 DOWN
739518 39 49 UP
739518 39 57 UP
739895 39 75 UP
740259 57 89 UP
740287 2 97 DOWN
741093 14 75 UP
741093 14 95 UP
741225 2 63 DOWN
741433 14 75 DOWN
741538 2 47 DOWN
741561 57 95 DOWN
741561 57 75 DOWN
741561 57 89 DOWN
741601 39 75 DOWN
741784 14 95 DOWN
741809 29 75 DOWN
742422 14 33 DOWN
742438 29 95 UP
742569 39 95 UP
742746 14 18 UP
742865 57 95 UP
743493 86 95 UP
743513 57 86 UP
743543 39 86 UP
743652 72 92 UP
743793 29 95 DOWN
743793 29 39 DOWN
743793 29 57 DOWN
744292 29 34 UP
744292 29 39 UP
744292 29 95 UP
744292 29 86 UP
744292 29 57 UP
744366 14 86 UP
745825 78 85 UP
746133 65 93 UP
746842 78 85 DOWN
747413 65 93 DOWN
747795 29 34 DOWN
748468 72 92 DOWN
748610 50 77 UP
749442 57 75 UP
749483 14 86 DOWN
749526 39 75 UP
749762 57 81 UP
750071 29 39 DOWN
750071 29 34 UP
750081 57 96 UP
750118 14 33 UP
750182 39 95 DOWN
750182 39 75 DOWN
750182 39 49 DOWN
750182 39 57 DOWN
750273 86 96 UP
750389 29 75 UP
750454 14 96 UP
750488 57 75 DOWN
750488 57 81 DOWN
750488 57 93 UP
750742 29 75 DOWN
750742 29 93 UP
750742 29 96 UP
750805 57 93 DOWN
750933 86 93 UP
750980 81 96 UP
751105 14 33 DOWN
751264 86 93 DOWN
751398 29 93 DOWN
751730 29 95 DOWN
751730 29 49 UP
751752 57 95 DOWN
751752 57 96 DOWN
751758 14 96 DOWN
751894 86 95 DOWN
751894 86 96 DOWN
751915 81 96 DOWN
752063 29 96 DOWN
752096 39 86 DOWN
752435 20 72 UP
752688 65 93 UP
752688 82 97 UP
753042 57 86 DOWN
753374 14 33 UP
753383 29 49 DOWN
753398 20 72 DOWN
753645 50 77 DOWN
754201 78 82 UP
754201 78 97 UP
754301 86 96 UP
754664 29 96 UP
754720 14 18 DOWN
754720 14 81 DOWN
754720 14 96 UP
754976 32 33 UP
755037 14 96 DOWN
755047 29 34 DOWN
755375 14 34 UP
755396 29 86 DOWN
755519 95 96 UP
755546 65 93 DOWN
755611 57 95 UP
755611 57 96 UP
755709 29 96 DOWN
755709 29 57 DOWN
755716 86 95 UP
755929 57 86 UP
755955 81 95 UP
756076 14 95 UP
756273 81 95 DOWN
756273 81 96 UP
756400 14 95 DOWN
756400 14 96 UP
756400 14 81 UP
756433 78 82 DOWN
756433 78 97 DOWN
756806 78 85 UP
756962 32 33 DOWN
758294 14 33 DOWN
758459 95 96 DOWN
758547 81 83 UP
758660 86 95 DOWN
758922 14 83 UP
758930 57 95 DOWN
760209 14 34 DOWN
760521 14 81 DOWN
760834 14 96 DOWN
760834 14 83 DOWN
761163 57 86 DOWN
761163 57 96 DOWN
762407 82 97 DOWN
763601 81 83 DOWN
764238 78 85 DOWN
764413 57 86 UP
764540 81 96 DOWN
764752 57 96 UP
765065 57 96 DOWN
765482 86 96 DOWN
766104 81 96 UP
767043 81 96 DOWN
769192 81 96 UP
770444 81 96 DOWN
771034 20 36 UP
773574 81 96 UP
773900 81 96 DOWN
773930 57 86 DOWN
774215 20 38 UP
777382 20 38 DOWN
783972 20 36 DOWN
788209 29 78 UP
789148 29 78 DOWN
807323 29 78 UP
808261 29 78 DOWN
811810 29 95 UP
817829 14 81 UP
818087 78 80 UP
818180 94 97 UP
819138 94 97 DOWN
819440 82 97 UP
820704 14 96 UP
820866 95 96 UP
820908 29 96 UP
820925 81 96 UP
821545 29 86 UP
821613 81 86 UP
821943 81 96 DOWN
821953 86 96 UP
821987 14 95 UP
821987 14 86 UP
822297 86 95 UP
822514 78 85 UP
822600 81 86 DOWN
823189 95 96 DOWN
823207 82 97 DOWN
823291 81 96 UP
823592 86 95 DOWN
823762 73 92 UP
823844 29 95 DOWN
823945 14 95 DOWN
824078 78 85 DOWN
824749 73 92 DOWN
825164 29 57 UP
825223 14 83 UP
825230 57 96 UP
825230 57 86 UP
825234 81 83 UP
825336 78 80 DOWN
825506 7 63 UP
825615 57 95 UP
825825 7 63 DOWN
825825 7 32 UP
825961 32 63 UP
826003 57 95 DOWN
826457 94 97 UP
826832 14 86 DOWN
826858 29 96 DOWN
827151 14 18 UP
827210 29 86 DOWN
827210 29 57 DOWN
827389 7 63 UP
827597 29 96 UP
827597 29 86 UP
827597 29 57 UP
828094 57 83 UP
828417 81 83 DOWN
828647 7 63 DOWN
828705 65 93 UP
828733 57 83 DOWN
828737 14 57 UP
828892 32 63 DOWN
828903 82 94 UP
828903 82 97 UP
829026 65 93 DOWN
829050 14 57 DOWN
829391 81 86 UP
829665 29 83 UP
829699 14 29 UP
829705 81 83 UP
830017 14 29 DOWN
830017 14 89 UP
830299 29 83 DOWN
830352 14 89 DOWN
830765 57 81 UP
831335 14 86 UP
831414 57 81 DOWN
831630 81 86 DOWN
831996 65 93 UP
832001 16 18 UP
832001 16 57 UP
832001 16 96 UP
832001 37 57 UP
832001 37 96 UP
832238 16 81 UP
832238 16 83 UP
832238 16 29 UP
832238 16 49 UP
832238 16 86 UP
832238 37 81 UP
832238 37 83 UP
832238 37 49 UP
832238 37 86 UP
832255 81 83 DOWN
832336 65 93 DOWN
832350 14 83 DOWN
832350 14 16 UP
832596 81 96 DOWN
832810 65 93 UP
832939 81 86 UP
832976 14 96 DOWN
833011 16 89 UP
833011 37 89 UP
833231 16 89 DOWN
833231 37 89 DOWN
833238 86 96 DOWN
833290 82 94 DOWN
833366 29 96 DOWN
833573 81 83 UP
833669 14 83 UP
834079 65 93 DOWN
834276 16 81 DOWN
834276 37 81 DOWN
834328 81 86 DOWN
834549 82 94 UP
834651 14 86 DOWN
834694 57 83 UP
835007 57 83 DOWN
835029 7 32 DOWN
835247 16 83 DOWN
835247 37 83 DOWN
835275 81 83 DOWN
835276 14 83 DOWN
835386 7 54 UP
835506 72 84 UP
835963 14 16 DOWN
835963 14 86 UP
836252 86 95 UP
836271 57 95 UP
836272 29 96 UP
836272 29 95 UP
836621 16 81 UP
836621 37 81 UP
836719 7 54 DOWN
836854 16 95 UP
836854 37 95 UP
836943 29 32 UP
836943 29 78 UP
837058 7 51 UP
837255 29 32 DOWN
837255 29 78 DOWN
837305 86 96 UP
837581 14 16 UP
837683 82 94 DOWN
837683 82 97 DOWN
837726 29 96 DOWN
837734 32 78 UP
837823 81 96 UP
838169 81 86 UP
838230 14 96 UP
838239 57 81 UP
838432 94 97 DOWN
838449 16 81 DOWN
838449 37 81 DOWN
838696 7 54 UP
838876 20 84 UP
838983 29 95 DOWN
839175 81 86 DOWN
839175 81 96 DOWN
839207 20 45 UP
839207 20 35 UP
839207 20 72 UP
839304 29 86 DOWN
839304 29 57 DOWN
839558 81 96 UP
839563 14 86 DOWN
839563 14 33 UP
839629 57 81 DOWN
839761 29 95 UP
839761 29 96 UP
839801 32 78 DOWN
839836 7 51 DOWN
840086 29 57 UP
840201 72 84 DOWN
840216 65 93 UP
840224 14 33 DOWN
840238 81 86 UP
840331 86 95 DOWN
840415 29 86 UP
840576 14 16 DOWN
840609 57 95 DOWN
840768 16 95 DOWN
840768 37 95 DOWN
840836 29 95 DOWN
840836 29 49 UP
840947 81 86 DOWN
841265 81 96 DOWN
841589 29 49 DOWN
841889 14 81 DOWN
842185 7 54 DOWN
842224 14 16 UP
842224 14 86 UP
842586 16 49 DOWN
842586 37 49 DOWN
842781 16 29 DOWN
842781 16 18 DOWN
842781 16 57 DOWN
842781 16 86 DOWN
842781 16 96 DOWN
842781 37 57 DOWN
842781 37 86 DOWN
842781 37 96 DOWN
842904 29 96 DOWN
842930 14 16 DOWN
843060 65 93 DOWN
843894 14 96 DOWN
843894 14 18 DOWN
843894 14 83 UP
843894 57 89 UP
843921 20 45 DOWN
844207 14 86 DOWN
844207 14 83 DOWN
844257 20 84 DOWN
844867 57 89 DOWN
844899 20 35 DOWN
845212 20 72 DOWN
846152 57 96 DOWN
846207 86 96 DOWN
846505 20 89 UP
846818 20 89 DOWN
847393 16 18 UP
847707 29 86 DOWN
848179 16 18 DOWN
848763 16 89 UP
848763 37 89 UP
848765 57 96 UP
848852 86 96 UP
848981 29 86 UP
848981 29 96 UP
849039 20 34 UP
849073 77 96 UP
849357 20 34 DOWN
849560 16 89 DOWN
849560 16 18 UP
849560 37 89 DOWN
850249 32 78 UP
851306 57 86 DOWN
851619 57 96 DOWN
851779 20 86 UP
851779 20 57 UP
851779 20 29 UP
851873 29 57 DOWN
852022 57 86 UP
852092 77 96 DOWN
852188 29 86 DOWN
852188 29 96 DOWN
852346 86 96 DOWN
852539 32 78 DOWN
853068 20 96 UP
853068 20 77 UP
853266 86 96 UP
853584 86 96 DOWN
854054 16 96 UP
854054 37 96 UP
854248 16 18 DOWN
854256 57 86 DOWN
855230 16 17 UP
855541 57 86 UP
855629 20 96 DOWN
855629 20 86 DOWN
855629 20 57 DOWN
855629 20 29 DOWN
855811 16 17 DOWN
855811 16 96 DOWN
855811 37 96 DOWN
857642 7 54 UP
858146 20 31 UP
858390 57 86 DOWN
859102 20 31 DOWN
861529 57 86 UP
863838 20 77 DOWN
863838 20 38 UP
864061 7 54 DOWN
865111 20 77 UP
866056 20 38 DOWN
866056 20 77 DOWN
869876 29 78 UP
873363 29 78 DOWN
876011 57 86 DOWN
877121 29 78 UP
878998 29 78 DOWN
885892 29 78 UP
886518 29 78 DOWN
892154 29 78 UP
893093 29 78 DOWN
898625 29 95 UP
898945 29 96 UP
902899 32 95 UP
903212 32 95 DOWN
903783 95 96 UP
904074 29 95 DOWN
904273 14 96 UP
904318 94 97 UP
904387 29 96 DOWN
904453 95 96 DOWN
904609 14 96 DOWN
904609 14 29 UP
905251 14 29 DOWN
905671 29 95 UP
906589 14 81 UP
906832 94 97 DOWN
907055 29 95 DOWN
907599 14 95 UP
908394 29 95 UP
908423 81 95 UP
909248 14 95 DOWN
909832 7 54 UP
910011 81 86 UP
910030 29 86 UP
910217 14 86 UP
910217 14 18 UP
910264 32 78 UP
910333 81 96 UP
910352 29 96 UP
910418 95 96 UP
910428 86 95 UP
910428 86 96 UP
910549 14 95 UP
910549 14 96 UP
910646 81 95 DOWN
910766 86 95 DOWN
910889 32 78 DOWN
910980 29 86 DOWN
910980 29 96 DOWN
911051 95 96 DOWN
911230 32 71 UP
911230 32 89 UP
911230 32 69 UP
911286 94 97 UP
911652 29 57 UP
911758 57 95 UP
911882 14 95 DOWN
912340 29 96 UP
912541 14 20 UP
912657 95 96 UP
912992 7 54 DOWN
913200 14 20 DOWN
913317 7 51 UP
913356 95 96 DOWN
914172 14 86 DOWN
914774 20 81 UP
914774 20 96 UP
914774 20 29 UP
914774 20 95 UP
914808 81 86 DOWN
914825 14 18 DOWN
915145 29 81 UP
915215 32 71 DOWN
915215 32 89 DOWN
915466 20 86 UP
915466 20 57 UP
915473 14 29 UP
915702 57 96 UP
915859 29 96 DOWN
916118 81 89 UP
916129 57 96 DOWN
916129 57 86 UP
916186 14 29 DOWN
916186 14 89 UP
916197 29 81 DOWN
916203 20 86 DOWN
916398 86 96 DOWN
916434 81 96 DOWN
916536 14 96 DOWN
916536 14 95 UP
916536 14 18 UP
916551 29 34 UP
916551 29 86 UP
916719 78 96 UP
916870 14 86 UP
917032 78 96 DOWN
917267 29 95 DOWN
917447 86 95 UP
917455 81 95 UP
917836 14 20 UP
917926 29 57 DOWN
917966 32 69 DOWN
918128 81 95 DOWN
918174 14 95 DOWN
918219 57 86 DOWN
918512 14 86 DOWN
918600 29 95 UP
918660 20 86 UP
919292 20 81 DOWN
919292 20 96 DOWN
919471 14 20 DOWN
919623 29 96 UP
919623 29 57 UP
919640 86 96 UP
919710 20 57 DOWN
919710 20 86 DOWN
919710 20 95 DOWN
919790 14 96 UP
919891 16 96 UP
919891 16 29 UP
919891 16 57 UP
919891 16 49 UP
919891 16 95 UP
919891 16 17 UP
919891 16 34 UP
919891 16 86 UP
919891 37 96 UP
919891 37 57 UP
919891 37 49 UP
919891 37 95 UP
919891 37 86 UP
919927 57 96 UP
919927 57 86 UP
920120 65 93 UP
920139 14 71 UP
920139 14 16 UP
920213 78 80 UP
920222 32 80 UP
920408 20 29 DOWN
920433 65 93 DOWN
920526 78 80 DOWN
920546 32 80 DOWN
920546 32 78 UP
920724 16 81 UP
920724 16 18 UP
920724 37 81 UP
920903 29 95 DOWN
920933 57 96 DOWN
920988 86 96 DOWN
921069 81 95 UP
921110 16 96 DOWN
921110 37 96 DOWN
921221 29 96 DOWN
921382 81 95 DOWN
921455 14 96 DOWN
921455 14 86 UP
921525 20 86 UP
921525 20 81 UP
921525 20 29 UP
922030 7 51 DOWN
922221 29 95 UP
922260 57 95 DOWN
922323 20 34 UP
922359 81 89 DOWN
922430 14 71 DOWN
922502 86 96 UP
922527 16 29 DOWN
922527 16 96 UP
922527 37 96 UP
922571 29 34 DOWN
922571 29 95 DOWN
922571 29 86 DOWN
922583 57 86 DOWN
922679 94 97 DOWN
922701 20 86 DOWN
922701 20 81 DOWN
922701 20 29 DOWN
922720 16 57 DOWN
922720 37 57 DOWN
922732 81 96 UP
922732 81 86 UP
922735 78 80 UP
922747 14 96 UP
922951 32 80 UP
922951 32 57 UP
923013 7 29 UP
923019 20 34 DOWN
923268 32 78 DOWN
923268 32 80 DOWN
923306 16 49 DOWN
923306 37 49 DOWN
923332 7 57 UP
923432 14 16 DOWN
923432 14 89 DOWN
923441 86 96 DOWN
923499 16 96 DOWN
923499 37 96 DOWN
923657 7 32 UP
923678 78 80 DOWN
923697 81 96 DOWN
923745 14 96 DOWN
923886 29 32 UP
923980 32 57 DOWN
923980 32 96 UP
923982 7 57 DOWN
923982 7 96 UP
924206 29 96 UP
924295 16 81 DOWN
924295 37 81 DOWN
924583 29 96 DOWN
924592 57 86 UP
924608 7 29 DOWN
924608 7 32 DOWN
924608 7 96 DOWN
924708 16 57 UP
924708 16 49 UP
924708 37 57 UP
924708 37 49 UP
924931 29 32 DOWN
924948 7 54 UP
925015 14 16 UP
925033 81 86 DOWN
925102 16 29 UP
925171 86 95 DOWN
925218 94 97 UP
925295 16 95 DOWN
925295 37 95 DOWN
925319 29 86 UP
925636 95 96 UP
925738 32 96 DOWN
925738 32 95 UP
925873 16 57 DOWN
925873 37 57 DOWN
925936 57 86 DOWN
925949 95 96 DOWN
926051 32 95 DOWN
926258 29 57 DOWN
926282 16 96 UP
926282 37 96 UP
926312 86 96 UP
926601 29 96 UP
926605 7 51 UP
926863 16 17 DOWN
926920 14 96 UP
927262 7 51 DOWN
927849 16 81 UP
927849 37 81 UP
927904 14 86 DOWN
928285 29 34 UP
928566 14 96 DOWN
928566 14 16 DOWN
928846 16 81 DOWN
928846 37 81 DOWN
928879 14 18 DOWN
928879 14 81 DOWN
929149 57 86 UP
929552 7 54 DOWN
929620 16 57 UP
929620 37 57 UP
929812 16 18 DOWN
929893 29 57 UP
930049 86 96 DOWN
930204 16 17 UP
930424 16 49 DOWN
930424 16 57 DOWN
930424 16 96 DOWN
930424 37 49 DOWN
930424 37 57 DOWN
930424 37 96 DOWN
930528 29 34 DOWN
930627 16 17 DOWN
930627 16 29 DOWN
930627 16 34 DOWN
930627 16 86 DOWN
930627 37 86 DOWN
930883 94 97 DOWN
930905 29 86 DOWN
930905 29 57 DOWN
931217 7 54 UP
931718 57 96 UP
931765 86 96 UP
932834 7 54 DOWN
933556 29 96 DOWN
934038 57 86 DOWN
935361 57 86 UP
935674 57 96 DOWN
935989 86 96 DOWN
936368 57 86 DOWN
938093 20 36 UP
938093 20 35 UP
938409 20 97 UP
940321 57 86 UP
940937 20 36 DOWN
940975 57 86 DOWN
943272 57 86 UP
943443 20 97 DOWN
943756 20 35 DOWN
945624 57 86 DOWN
947876 57 86 UP
948545 57 86 DOWN
950762 57 86 UP
952061 57 86 DOWN
953345 57 86 UP
958245 57 86 DOWN
961414 57 86 UP
961727 57 86 DOWN
965981 57 86 UP
967269 57 86 DOWN
968853 57 86 UP
969166 57 86 DOWN
971871 57 86 UP
972520 57 86 DOWN
974431 57 86 UP
975069 57 86 DOWN
1002666 57 86 UP
1006940 29 86 UP
1006940 29 57 UP
1014350 29 86 DOWN
1014350 29 57 DOWN
1015143 29 86 UP
1015143 29 57 UP
1016205 7 54 UP
1021869 7 54 DOWN
1024958 57 86 DOWN
1025624 29 86 DOWN
1026252 29 57 DOWN
1031267 29 57 UP
1035060 29 57 DOWN
1063634 86 88 UP
1064897 86 88 DOWN
1085793 86 88 UP
1088865 29 57 UP
1094338 16 29 UP
1096178 29 57 DOWN
1097466 29 57 UP
1097679 16 57 UP
1097679 37 57 UP
1098117 29 57 DOWN
1098644 16 29 DOWN
1100186 16 57 DOWN
1100186 37 57 DOWN
1101349 16 57 UP
1101349 37 57 UP
1101541 16 57 DOWN
1101541 37 57 DOWN
1103158 86 88 DOWN
1103674 16 57 UP
1103674 37 57 UP
1109883 16 57 DOWN
1109883 37 57 DOWN
1153939 77 96 UP
1158408 77 96 DOWN
1160249 81 83 UP
1160424 86 88 UP
1161330 81 83 DOWN
1161960 86 88 DOWN
1163445 81 89 UP
1163612 86 88 UP
1163758 81 89 DOWN
1165252 82 94 UP
1165252 82 97 UP
1165275 94 97 UP
1165877 82 94 DOWN
1165877 82 97 DOWN
1166693 81 96 UP
1167090 86 88 DOWN
1167331 14 33 UP
1167331 14 81 UP
1167331 14 96 UP
1167990 81 96 DOWN
1168424 94 97 DOWN
1168622 81 89 UP
1168939 81 83 UP
1168952 14 89 UP
1168952 14 83 UP
1169270 14 33 DOWN
1169270 14 18 UP
1169556 95 96 UP
1169594 14 89 DOWN
1169621 81 96 UP
1170348 50 92 UP
1170663 82 97 UP
1170793 81 89 DOWN
1171250 95 96 DOWN
1171915 82 97 DOWN
1172073 81 96 DOWN
1172461 14 81 DOWN
1172461 14 33 UP
1172595 78 83 UP
1172916 78 83 DOWN
1173415 14 96 DOWN
1173429 86 88 UP
1173857 78 80 UP
1174075 14 81 UP
1174509 7 54 UP
1174682 86 88 DOWN
1174740 14 33 DOWN
1175331 81 83 DOWN
1175406 14 83 DOWN
1175719 14 18 DOWN
1176065 78 80 DOWN
1176065 78 83 UP
1176066 14 75 UP
1176098 81 95 UP
1176380 78 83 DOWN
1176716 14 75 DOWN
1176730 81 95 DOWN
1177075 14 18 UP
1177175 7 54 DOWN
1177400 14 96 UP
1177503 95 96 UP
1178744 81 96 UP
1179147 50 92 DOWN
1180049 81 96 DOWN
1180836 74 85 UP
1181281 95 96 DOWN
1181529 86 88 UP
1182205 74 85 DOWN
1182208 14 33 UP
1182392 81 96 UP
1182641 86 88 DOWN
1182892 14 75 UP
1183693 81 83 UP
1183876 14 33 DOWN
1183876 14 83 UP
1184215 14 96 DOWN
1184215 14 75 DOWN
1184360 81 96 DOWN
1184604 82 94 UP
1185550 82 97 UP
1185693 20 50 UP
1185782 81 96 UP
1185861 94 97 UP
1186006 20 50 DOWN
1186335 20 38 UP
1186335 20 73 UP
1186651 20 38 DOWN
1186651 20 46 UP
1187046 14 75 UP
1187138 82 97 DOWN
1187359 14 75 DOWN
1187465 81 96 DOWN
1187596 20 46 DOWN
1187596 20 73 DOWN
1187616 57 96 UP
1187616 57 75 UP
1188056 7 54 UP
1188108 20 46 UP
1188108 20 73 UP
1188369 7 54 DOWN
1188377 57 96 DOWN
1188377 57 75 DOWN
1188399 82 97 UP
1188445 81 83 DOWN
1188638 14 81 DOWN
1188963 14 18 DOWN
1188963 14 83 DOWN
1189359 20 46 DOWN
1189580 16 95 UP
1189580 16 18 UP
1189580 37 95 UP
1189782 16 95 DOWN
1189782 16 96 UP
1189782 37 95 DOWN
1189782 37 96 UP
1190285 81 83 UP
1190597 82 94 DOWN
1190597 82 97 DOWN
1190924 20 73 DOWN
1190943 16 96 DOWN
1190943 37 96 DOWN
1190951 94 97 DOWN
1191726 74 78 UP
1191737 16 83 UP
1191737 37 83 UP
1191987 16 83 DOWN
1191987 37 83 DOWN
1192039 74 78 DOWN
1193480 81 83 DOWN
1194502 16 75 UP
1194502 37 75 UP
1196320 65 93 UP
1196971 65 93 DOWN
1197227 16 96 UP
1197227 37 96 UP
1197613 16 96 DOWN
1197613 37 96 DOWN
1201509 16 18 DOWN
1202504 16 75 DOWN
1202504 37 75 DOWN
1209493 29 86 UP
